80
76.000000
-111.000000
55.000000
-40.000000
-168.000000
94.000000
-146.000000
68.000000
27.000000
173.000000
-171.000000
52.000000
82.000000
107.000000
-59.000000
58.000000
-112.000000
-180.000000
-64.000000
189.000000
54.000000
-17.000000
-118.000000
-121.000000
4.000000
19.000000
54.000000
172.000000
190.000000
90.000000
94.000000
44.000000
66.000000
-3.000000
-105.000000
91.000000
-71.000000
64.000000
4.000000
175.000000
-84.000000
40.000000
-102.000000
153.000000
42.000000
-118.000000
84.000000
-8.000000
199.000000
37.000000
-185.000000
154.000000
-185.000000
163.000000
-167.000000
5.000000
-37.000000
92.000000
-34.000000
-75.000000
42.000000
140.000000
-109.000000
150.000000
-108.000000
86.000000
143.000000
-139.000000
-29.000000
73.000000
22.000000
-126.000000
-189.000000
-46.000000
128.000000
-7.000000
84.000000
-15.000000
-22.000000
-63.000000
